@0 #sword slash face u/d (def:d)
[-1,-1,-1,-1,2,-1,-1,-1]
[-1,-1,-1,-1,3,-1,-1,-1]
[-1,-1,-1,2,3,2,-1,-1]
[-1,-1,2,1,0,1,2,-1]
[-1,-1,-1,1,0,1,-1,-1]
[-1,-1,-1,1,0,1,-1,-1]
[-1,-1,-1,1,0,1,-1,-1]
[-1,-1,-1,-1,0,-1,-1,-1]


@1 #sword slash face 45
[-1,-1,-1,-1,-1,-1,2,3]
[-1,-1,3,2,-1,2,3,2]
[-1,-1,-1,-1,2,3,2,-1]
[-1,-1,-1,1,0,2,-1,-1]
[-1,-1,1,0,1,-1,2,-1]
[-1,1,0,1,-1,-1,3,-1]
[1,0,1,-1,-1,-1,-1,-1]
[0,1,-1,-1,-1,-1,-1,-1]

@2 #sword slash face l/r (def:l)
[-1,-1,-1,-1,-1,-1,-1,-1]
[-1,-1,-1,-1,-1,-1,-1,-1]
[-1,-1,-1,2,-1,-1,-1,-1]
[-1,-1,-1,-1,2,-1,-1,-1]
[0,1,0,1,3,3,2,-1]
[-1,-1,-1,-1,2,-1,-1,-1]
[-1,-1,-1,2,-1,-1,-1,-1]
[-1,-1,-1,-1,-1,-1,-1,-1]