@0 #Down #1
[-1,1,1,1,-1,-1,-1,-1]
[1,1,1,1,1,-1,-1,-1]
[1,3,1,3,1,-1,-1,-1]
[1,1,1,1,1,-1,-1,-1]
[1,1,1,1,1,-1,-1,-1]
[1,1,1,1,1,-1,-1,-1]
[1,2,1,2,1,-1,-1,-1]
[-1,-1,-1,-1,-1,-1,-1,-1]

@1 #Down #2
[-1,1,1,1,-1,-1,-1,-1]
[1,1,1,1,1,-1,-1,-1]
[1,3,1,3,1,-1,-1,-1]
[1,1,1,1,1,-1,-1,-1]
[1,1,1,1,1,-1,-1,-1]
[1,1,1,1,1,-1,-1,-1]
[2,1,2,1,2,-1,-1,-1]
[-1,-1,-1,-1,-1,-1,-1,-1]

@2 #Left #1
[-1,1,1,1,-1,-1,-1,-1]
[1,1,1,1,1,-1,-1,-1]
[3,1,1,1,1,-1,-1,-1]
[1,1,1,1,1,-1,-1,-1]
[1,1,1,1,1,-1,-1,-1]
[1,1,1,1,1,-1,-1,-1]
[1,2,1,2,1,-1,-1,-1]
[-1,-1,-1,-1,-1,-1,-1,-1]

@3 #Left #2
[-1,1,1,1,-1,-1,-1,-1]
[1,1,1,1,1,-1,-1,-1]
[3,1,1,1,1,-1,-1,-1]
[1,1,1,1,1,-1,-1,-1]
[1,1,1,1,1,-1,-1,-1]
[1,1,1,1,1,-1,-1,-1]
[2,1,2,1,2,-1,-1,-1]
[-1,-1,-1,-1,-1,-1,-1,-1]

@4 #Up #1
[-1,1,1,1,-1,-1,-1,-1]
[1,1,1,1,1,-1,-1,-1]
[1,1,1,1,1,-1,-1,-1]
[1,1,1,1,1,-1,-1,-1]
[1,1,1,1,1,-1,-1,-1]
[1,1,1,1,1,-1,-1,-1]
[1,2,1,2,1,-1,-1,-1]
[-1,-1,-1,-1,-1,-1,-1,-1]

@5 #Up #2
[-1,1,1,1,-1,-1,-1,-1]
[1,1,1,1,1,-1,-1,-1]
[1,1,1,1,1,-1,-1,-1]
[1,1,1,1,1,-1,-1,-1]
[1,1,1,1,1,-1,-1,-1]
[1,1,1,1,1,-1,-1,-1]
[2,1,2,1,2,-1,-1,-1]
[-1,-1,-1,-1,-1,-1,-1,-1]