@0 #A
[-1,-1,0,0,0,-1,-1,-1]
[-1,0,0,0,0,0,-1,-1]
[0,0,0,-1,0,0,0,-1]
[0,0,-1,-1,-1,0,0,-1]
[0,0,0,0,0,0,0,-1]
[0,0,0,0,0,0,0,-1]
[0,0,-1,-1,-1,0,0,-1]
[0,0,-1,-1,-1,0,0,-1]

@1 #B
[-1,-1,-1,-1,-1,-1,-1,-1]
[0,0,0,0,0,-1,-1,-1]
[0,0,-1,-1,0,0,-1,-1]
[0,0,-1,-1,0,0,-1,-1]
[0,0,-1,0,0,-1,-1,-1]
[0,0,-1,-1,0,0,-1,-1]
[0,0,-1,-1,0,0,-1,-1]
[0,0,0,0,0,-1,-1,-1]

@2 #C
[-1,-1,-1,-1,-1,-1,-1,-1]
[-1,0,0,0,0,0,-1,-1]
[0,0,0,-1,-1,0,0,-1]
[0,0,-1,-1,-1,-1,-1,-1]
[0,0,-1,-1,-1,-1,-1,-1]
[0,0,-1,-1,-1,-1,-1,-1]
[0,0,0,-1,-1,0,0,-1]
[-1,0,0,0,0,0,-1,-1]

@3 #D
[-1,-1,-1,-1,-1,-1,-1,-1]
[0,0,0,0,0,0,-1,-1]
[0,0,-1,-1,0,0,0,-1]
[0,0,-1,-1,-1,0,0,-1]
[0,0,-1,-1,-1,0,0,-1]
[0,0,-1,-1,-1,0,0,-1]
[0,0,-1,-1,0,0,0,-1]
[0,0,0,0,0,0,-1,-1]

@4 #E
[-1,-1,-1,-1,-1,-1,-1,-1]
[0,0,0,0,0,0,-1,-1]
[0,0,-1,-1,-1,-1,-1,-1]
[0,0,-1,-1,-1,-1,-1,-1]
[0,0,-1,-1,-1,-1,-1,-1]
[0,0,0,0,0,-1,-1,-1]
[0,0,-1,-1,-1,-1,-1,-1]
[0,0,0,0,0,0,-1,-1]

@5 #F
[-1,-1,-1,-1,-1,-1,-1,-1]
[0,0,0,0,0,0,-1,-1]
[0,0,-1,-1,-1,-1,-1,-1]
[0,0,-1,-1,-1,-1,-1,-1]
[0,0,-1,-1,-1,-1,-1,-1]
[0,0,0,0,-1,-1,-1,-1]
[0,0,-1,-1,-1,-1,-1,-1]
[0,0,-1,-1,-1,-1,-1,-1]

@6 #G
[-1,-1,-1,-1,-1,-1,-1,-1]
[-1,0,0,0,0,0,-1,-1]
[0,0,-1,-1,-1,0,0,-1]
[0,0,-1,-1,-1,-1,-1,-1]
[0,0,-1,-1,0,0,-1,-1]
[0,0,-1,-1,-1,0,0,-1]
[0,0,-1,-1,-1,0,0,-1]
[-1,0,0,0,0,0,0,-1]

@7 #H
[-1,-1,-1,-1,-1,-1,-1,-1]
[0,0,-1,-1,-1,0,0,-1]
[0,0,-1,-1,-1,0,0,-1]
[0,0,-1,-1,-1,0,0,-1]
[0,0,0,0,0,0,0,-1]
[0,0,-1,-1,-1,0,0,-1]
[0,0,-1,-1,-1,0,0,-1]
[0,0,-1,-1,-1,0,0,-1]

@8 #I
[-1,-1,-1,-1,-1,-1,-1,-1]
[0,0,0,0,0,0,0,-1]
[-1,-1,0,0,0,-1,-1,-1]
[-1,-1,0,0,0,-1,-1,-1]
[-1,-1,0,0,0,-1,-1,-1]
[-1,-1,0,0,0,-1,-1,-1]
[-1,-1,0,0,0,-1,-1,-1]
[0,0,0,0,0,0,0,-1]

@9 #J
[-1,-1,-1,-1,-1,-1,-1,-1]
[0,0,0,0,0,0,0,-1]
[-1,-1,-1,-1,0,0,-1,-1]
[-1,-1,-1,-1,0,0,-1,-1]
[-1,-1,-1,-1,0,0,-1,-1]
[-1,-1,-1,-1,0,0,-1,-1]
[0,0,-1,-1,0,0,-1,-1]
[-1,0,0,0,0,-1,-1,-1]

@10 #K
[-1,-1,-1,-1,-1,-1,-1,-1]
[0,0,-1,-1,-1,0,-1,-1]
[0,0,-1,-1,0,0,-1,-1]
[0,0,0,0,0,-1,-1,-1]
[0,0,0,0,-1,-1,-1,-1]
[0,0,-1,0,0,-1,-1,-1]
[0,0,-1,-1,0,0,-1,-1]
[0,0,-1,-1,-1,0,-1,-1]

@11 #L
[-1,-1,-1,-1,-1,-1,-1,-1]
[0,0,-1,-1,-1,-1,-1,-1]
[0,0,-1,-1,-1,-1,-1,-1]
[0,0,-1,-1,-1,-1,-1,-1]
[0,0,-1,-1,-1,-1,-1,-1]
[0,0,-1,-1,-1,-1,-1,-1]
[0,0,-1,-1,-1,-1,-1,-1]
[0,0,0,0,0,0,0,-1]

@12 #M
[-1,-1,-1,-1,-1,-1,-1,-1]
[0,0,-1,-1,-1,0,0,-1]
[0,0,0,-1,0,0,0,-1]
[0,0,0,0,0,0,0,-1]
[0,0,-1,0,-1,0,0,-1]
[0,0,-1,-1,-1,0,0,-1]
[0,0,-1,-1,-1,0,0,-1]
[0,0,-1,-1,-1,0,0,-1]

@13 #N
[-1,-1,-1,-1,-1,-1,-1,-1]
[0,0,-1,-1,-1,0,0,-1]
[0,0,0,-1,-1,0,0,-1]
[0,0,0,0,-1,0,0,-1]
[0,0,-1,0,-1,0,0,-1]
[0,0,-1,0,0,0,0,-1]
[0,0,-1,-1,0,0,0,-1]
[0,0,-1,-1,-1,0,0,-1]

@14 #O unpause_it reminded me
[-1,-1,-1,-1,-1,-1,-1,-1]
[-1,0,0,0,0,0,-1,-1]
[0,0,-1,-1,-1,0,0,-1]
[0,0,-1,-1,-1,0,0,-1]
[0,0,-1,-1,-1,0,0,-1]
[0,0,-1,-1,-1,0,0,-1]
[0,0,-1,-1,-1,0,0,-1]
[-1,0,0,0,0,0,-1,-1]

@15 #P
[-1,-1,-1,-1,-1,-1,-1,-1]
[0,0,0,0,0,0,-1,-1]
[0,0,-1,-1,-1,0,0,-1]
[0,0,-1,-1,-1,0,0,-1]
[0,0,0,0,0,0,-1,-1]
[0,0,-1,-1,-1,-1,-1,-1]
[0,0,-1,-1,-1,-1,-1,-1]
[0,0,-1,-1,-1,-1,-1,-1]

@16 #Q
[-1,-1,-1,-1,-1,-1,-1,-1]
[-1,0,0,0,0,0,0,-1]
[0,0,-1,-1,-1,0,0,-1]
[0,0,-1,-1,-1,0,0,-1]
[-1,0,0,0,0,0,0,-1]
[-1,-1,-1,-1,-1,0,0,-1]
[-1,-1,-1,-1,-1,0,0,-1]
[-1,-1,-1,-1,-1,0,0,-1]

@17 #R
[-1,-1,-1,-1,-1,-1,-1,-1]
[0,0,0,0,0,0,-1,-1]
[0,0,-1,-1,-1,0,0,-1]
[0,0,-1,-1,-1,0,0,-1]
[0,0,0,0,0,0,-1,-1]
[0,0,-1,0,0,0,-1,-1]
[0,0,-1,-1,0,0,0,-1]
[0,0,-1,-1,-1,0,0,-1]

@18 #S
[-1,-1,-1,-1,-1,-1,-1,-1]
[-1,0,0,0,0,0,-1,-1]
[0,0,-1,-1,-1,0,0,-1]
[0,0,-1,-1,-1,-1,-1,-1]
[-1,0,0,0,0,0,-1,-1]
[-1,-1,-1,-1,-1,0,0,-1]
[0,0,-1,-1,-1,0,0,-1]
[-1,0,0,0,0,0,-1,-1]

@19 #T
[-1,-1,-1,-1,-1,-1,-1,-1]
[0,0,0,0,0,0,0,-1]
[-1,-1,0,0,0,-1,-1,-1]
[-1,-1,0,0,0,-1,-1,-1]
[-1,-1,0,0,0,-1,-1,-1]
[-1,-1,0,0,0,-1,-1,-1]
[-1,-1,0,0,0,-1,-1,-1]
[-1,-1,0,0,0,-1,-1,-1]

@20 #U
[-1,-1,-1,-1,-1,-1,-1,-1]
[0,0,-1,-1,-1,0,0,-1]
[0,0,-1,-1,-1,0,0,-1]
[0,0,-1,-1,-1,0,0,-1]
[0,0,-1,-1,-1,0,0,-1]
[0,0,-1,-1,-1,0,0,-1]
[0,0,-1,-1,-1,0,0,-1]
[-1,0,0,0,0,0,-1,-1]

@21 #V
[-1,-1,-1,-1,-1,-1,-1,-1]
[0,0,-1,-1,-1,0,0,-1]
[0,0,-1,-1,-1,0,0,-1]
[0,0,-1,-1,-1,0,0,-1]
[0,0,-1,-1,-1,0,0,-1]
[0,0,-1,-1,-1,0,0,-1]
[-1,0,0,-1,0,0,-1,-1]
[-1,-1,0,0,0,-1,-1,-1]

@22 #W
[-1,-1,-1,-1,-1,-1,-1,-1]
[0,0,-1,-1,-1,0,0,-1]
[0,0,-1,-1,-1,0,0,-1]
[0,0,-1,-1,-1,0,0,-1]
[0,0,-1,0,-1,0,0,-1]
[0,0,0,0,0,0,0,-1]
[0,0,0,-1,0,0,0,-1]
[0,0,-1,-1,-1,0,0,-1]

@23 #X
[-1,-1,-1,-1,-1,-1,-1,-1]
[0,0,-1,-1,-1,0,0,-1]
[0,0,0,-1,0,0,0,-1]
[-1,0,0,0,0,0,-1,-1]
[-1,-1,0,0,0,-1,-1,-1]
[-1,0,0,0,0,0,-1,-1]
[0,0,0,-1,0,0,0,-1]
[0,0,-1,-1,-1,0,0,-1]

@24 #Y
[-1,-1,-1,-1,-1,-1,-1,-1]
[0,0,-1,-1,-1,0,0,-1]
[0,0,0,-1,0,0,0,-1]
[-1,0,0,0,0,0,-1,-1]
[-1,-1,0,0,0,-1,-1,-1]
[-1,-1,0,0,0,-1,-1,-1]
[-1,-1,0,0,0,-1,-1,-1]
[-1,-1,0,0,0,-1,-1,-1]

@25 #Z
[-1,-1,-1,-1,-1,-1,-1,-1]
[0,0,0,0,0,0,0,-1]
[0,-1,-1,-1,-1,-1,0,-1]
[-1,-1,-1,-1,-1,0,-1,-1]
[-1,-1,0,0,0,-1,-1,-1]
[-1,0,-1,-1,-1,-1,-1,-1]
[0,-1,-1,-1,-1,-1,0,-1]
[0,0,0,0,0,0,0,-1]

@26 #1
[-1,-1,-1,-1,-1,-1,-1,-1]
[-1,-1,0,0,0,-1,-1,-1]
[-1,0,0,0,0,-1,-1,-1]
[0,0,0,0,0,-1,-1,-1]
[-1,-1,0,0,0,-1,-1,-1]
[-1,-1,0,0,0,-1,-1,-1]
[-1,-1,0,0,0,-1,-1,-1]
[0,0,0,0,0,0,0,-1]

@27 #2
[-1,-1,-1,-1,-1,-1,-1,-1]
[-1,0,0,0,0,0,-1,-1]
[0,0,-1,-1,-1,0,0,-1]
[-1,-1,-1,-1,0,0,-1,-1]
[-1,-1,-1,0,0,-1,-1,-1]
[-1,-1,0,0,-1,-1,-1,-1]
[-1,0,0,-1,-1,-1,-1,-1]
[0,0,0,0,0,0,0,-1]

@28 #3
[-1,-1,-1,-1,-1,-1,-1,-1]
[-1,0,0,0,0,0,-1,-1]
[0,0,-1,-1,-1,0,0,-1]
[-1,-1,-1,-1,-1,0,0,-1]
[-1,-1,-1,-1,0,0,-1,-1]
[-1,-1,-1,-1,-1,0,0,-1]
[0,0,-1,-1,-1,0,0,-1]
[-1,0,0,0,0,0,-1,-1]

@29 #4
[-1,-1,-1,-1,-1,-1,-1,-1]
[0,0,-1,-1,-1,-1,-1,-1]
[0,0,-1,-1,-1,-1,-1,-1]
[0,0,-1,-1,-1,-1,-1,-1]
[0,0,-1,0,0,-1,-1,-1]
[0,0,-1,0,0,-1,-1,-1]
[0,0,0,0,0,0,0,-1]
[-1,-1,-1,0,0,-1,-1,-1]

@30 #5
[-1,-1,-1,-1,-1,-1,-1,-1]
[0,0,0,0,0,0,0,-1]
[0,0,-1,-1,-1,-1,-1,-1]
[0,0,0,0,0,0,-1,-1]
[-1,-1,-1,-1,-1,0,0,-1]
[-1,-1,-1,-1,-1,0,0,-1]
[0,0,-1,-1,-1,0,0,-1]
[-1,0,0,0,0,0,-1,-1]

@31 #6
[-1,-1,-1,-1,-1,-1,-1,-1]
[-1,-1,0,0,0,-1,-1,-1]
[-1,0,-1,-1,-1,-1,-1,-1]
[0,0,-1,-1,-1,-1,-1,-1]
[0,0,0,0,0,-1,-1,-1]
[0,0,-1,-1,0,0,-1,-1]
[0,0,-1,-1,0,0,-1,-1]
[-1,0,0,0,0,-1,-1,-1]

@32 #7
[-1,-1,-1,-1,-1,-1,-1,-1]
[0,0,0,0,0,0,0,-1]
[-1,-1,-1,-1,-1,0,0,-1]
[-1,-1,-1,-1,-1,0,0,-1]
[-1,-1,-1,-1,0,0,-1,-1]
[-1,-1,-1,0,0,-1,-1,-1]
[-1,-1,-1,0,0,-1,-1,-1]
[-1,-1,-1,0,0,-1,-1,-1]

@33 #8
[-1,-1,-1,-1,-1,-1,-1,-1]
[-1,0,0,0,0,0,-1,-1]
[0,0,-1,-1,-1,0,0,-1]
[0,0,-1,-1,-1,0,0,-1]
[-1,0,0,0,0,0,-1,-1]
[0,0,-1,-1,-1,0,0,-1]
[0,0,-1,-1,-1,0,0,-1]
[-1,0,0,0,0,0,-1,-1]

@34 #9
[-1,-1,-1,-1,-1,-1,-1,-1]
[-1,0,0,0,0,0,-1,-1]
[0,0,-1,-1,-1,0,0,-1]
[0,0,-1,-1,-1,0,0,-1]
[-1,0,0,0,0,0,0,-1]
[-1,-1,-1,-1,-1,0,0,-1]
[-1,-1,-1,-1,0,0,0,-1]
[-1,-1,0,0,0,0,-1,-1]

@35 #0
[-1,-1,-1,-1,-1,-1,-1,-1]
[-1,0,0,0,0,0,-1,-1]
[0,0,-1,-1,0,0,0,-1]
[0,0,-1,0,-1,0,0,-1]
[0,0,-1,0,-1,0,0,-1]
[0,0,-1,0,-1,0,0,-1]
[0,0,0,-1,-1,0,0,-1]
[-1,0,0,0,0,0,-1,-1]

@36 #!
[-1,-1,-1,-1,-1,-1,-1,-1]
[0,0,-1,-1,-1,-1,-1,-1]
[0,0,-1,-1,-1,-1,-1,-1]
[0,0,-1,-1,-1,-1,-1,-1]
[0,0,-1,-1,-1,-1,-1,-1]
[-1,-1,-1,-1,-1,-1,-1,-1]
[-1,-1,-1,-1,-1,-1,-1,-1]
[0,0,-1,-1,-1,-1,-1,-1]