@0 #Grass tile
[0,0,0,0,0,0,0,0]
[0,0,0,0,0,0,0,0]
[0,0,0,0,0,0,0,0]
[0,0,0,0,0,0,0,0]
[0,0,0,0,0,0,0,0]
[0,0,0,0,0,0,0,0]
[0,0,0,0,0,0,0,0]
[0,0,0,0,0,0,0,0]

@1 #Brick tiles
[2,2,2,2,2,2,2,2]
[0,2,0,0,0,2,0,0]
[0,2,0,0,0,2,0,0]
[0,2,0,0,0,2,0,0]
[2,2,2,2,2,2,2,2]
[0,0,0,2,0,0,0,2]
[0,0,0,2,0,0,0,2]
[0,0,0,2,0,0,0,2]

@2 #Rock tile
[2,2,2,2,2,2,2,2]
[2,2,2,1,1,1,2,2]
[2,2,1,0,1,1,1,2]
[2,1,0,1,1,1,1,2]
[2,1,1,1,1,1,1,2]
[2,1,1,1,1,1,1,2]
[2,3,1,1,1,1,3,2]
[2,2,3,3,3,3,2,2]

@3 #Water1 tile
[1,0,0,1,1,0,0,1]
[0,1,1,0,0,1,1,0]
[0,0,0,0,0,0,0,0]
[1,0,0,1,1,0,0,1]
[0,1,1,0,0,1,1,0]
[0,0,0,0,0,0,0,0]
[1,0,0,1,1,0,0,1]
[0,1,1,0,0,1,1,0]

@4 #Water 2
[0,1,1,0,1,1,0,1]
[1,0,0,1,0,0,1,0]
[0,0,0,0,0,0,0,0]
[0,1,1,0,1,1,0,1]
[1,0,0,1,0,0,1,0]
[0,0,0,0,0,0,0,0]
[0,1,1,0,1,1,0,1]
[1,0,0,1,0,0,1,0]